EXTCUR(1)  =  -3.41122136936906E+05
EXTCUR(2)  =  -3.41122136936906E+05
EXTCUR(3)  =  -3.41122136936906E+05
EXTCUR(4)  =  -3.41122136936906E+05
EXTCUR(5)  =  -3.41122136936906E+05
EXTCUR(6)  =  -3.41122136936906E+05
EXTCUR(7)  =  -3.41122136936906E+05
EXTCUR(8)  =  -3.41122136936906E+05
EXTCUR(9)  =  -3.41122136936906E+05
EXTCUR(10) =  -3.41122136936906E+05
